2
5
0
7
5
6
6
1
9
8
4
1
0
8
9
4
5
9
5
7
5
1
8
8
6
4
9
5
3
6
3
1
7
3
1
6
7
6
9
8
8
5
5
7
1
7
4
7
5
3
7
1
5
6
8
7
2
2
8
1
6
7
0
7
8
0
0
9
8
8
3
9
1
4
0
8
8
4
4
3
9
8
4
3
1
0
6
3
7
5
3
0
2
3
6
6
9
8
6
8
3
0
8
0
3
6
3
1
1
6
6
6
0
1
9
9
7
9
0
7
7
8
8
8
9
5
8
8
5
3
2
7
9
5
7
1
5
3
1
1
0
7
6
7
6
2
9
9
1
8
0
3
0
4
2
6
4
2
7
4
2
2
7
6
6
3
8
7
6
5
9
5
2
4
2
8
8
7
5
2
6
6
5
9
9
2
3
1
5
2
4
8
1
0
6
6
9
7
9
8
7
5
9
8
6
9
8
6
0
4
6
1
7
0
4
7
7
7
9
7
8
0
4
0
1
1
1
8
7
4
3
6
4
3
1
8
9
5
4
1
2
9
5
2
4
9
7
9
1
4
8
5
3
6
8
7
